0.019900870316713 3.992760806955999 0.69544973904313
0.019874494073562 3.993080274747093 0.695364715461237
0.019969176855185 3.990156561910639 -0.010878819825677
0.019942816640985 3.990056764430327 -0.010851146410986
0.301176014206075 3.982635281100085 -0.010806336624497
0.301213578921549 3.983033761972099 -0.010745035693215
s =  0.7062778190741481   R =  [[ 9.99665829e-01 -9.67247606e-05 -2.58499515e-02]
 [-2.58493612e-02  3.98409465e-03 -9.99657910e-01]
 [ 1.99680326e-04  9.99992059e-01  3.98026301e-03]]   t =  [ 0.019956    3.99010666 -0.01086498]
0.12374052094958589 3.9875720446081004 0.026588175409673724
0.12656400501147974 3.9875271560630203 0.033651461632518136
0.1336233299971909 3.987389609801191 0.04495322729629454
0.14209426038474304 3.9872352470221837 0.06119918049223417
0.1498591489704394 3.987099141073649 0.077444992658389
0.15550591215056825 3.9870178056165324 0.09369038173518937
0.15762219306320613 3.987039009822503 0.11276015450454771
0.15832625374302656 3.9871023554447813 0.13324218963507745
0.15691259890459708 3.9872035882923913 0.14948616841402967
0.15549942226803826 3.9872851239962332 0.16078624172038827